2

100 15
27 72 28 92 20 81 12 36 21 99 50 42 67 58 47 64 82 13 17 96 25 37 9 23 78 56 46 91 80 75 49 29 43 77 76 100 39 30 45 71 68 2 74 84 31 16 40 6 57 70 35 62 24 19 88
>
15 94 98 11 52 66 82 43 7 78 59 67 97 42 96 3 29 91 54 71 53 48 95 73 37 70 17 88 56 63 4
=
8 33 80 12 3 25 63 56 16 19 83 39 87 30 68 31 28
=
35 8 59 77 78 11 99 10 55 17 43 98 20 3 33 58 83 35 68 5 71 16 42 81 18 86 53 90 54 85 95 46 25 50 87 24 49 76 80 48 31 27 22 47 14 7 56 60 6 37 40 88 69 15 72 4 28 38 1 13 57 96 70 41 52 34 2 23 36 29 94
=
4 6 13 30 28 1 51 18 17
=
19 80 92 52 22 39 1 54 88 38 33 6 35 40 58 8 36 73 24 10 21 50 100 34 62 17 86 67 28 90 63 83 96 30 15 7 37 72 23
=
49 15 51 33 97 31 92 54 62 25 40 19 39 81 30 3 52 42 93 65 34 11 91 28 32 78 8 73 35 85 66 10 80 84 76 94 63 86 75 56 43 37 98 2 16 69 53 18 24 82 96 60 49 87 36 41 70 46 45 29 57 7 55 68 48 77 27 58 26 67 99 22 89 20 71 64 9 72 88 74 38 4 100 21 47 61 59 79 6 13 83 95 17 44 1 12 23 50 14
>
46 79 19 66 94 95 24 45 2 33 44 93 86 5 41 71 50 80 6 23 32 35 47 13 65 20 88 73 42 68 97 69 40 81 17 3 55 64 52 62 9 7 31 78 30 84 83 38 8 29 91 57 67 27 53 58 72 1 92 14 59 25 15 43 28 63 100 22 89 18 60 21 26 48 87 12 61 39 75 77 16 4 34 85 10 82 11 46 96 90 36 37 76
=
18 89 66 55 36 70 50 44 3 77 87 10 21 26 28 31 75 16 13 15 37 4 78 34 58 76 54 90 84 59 25 20 48 85 9 100 5
=
24 20 4 21 80 48 99 69 84 66 60 64 88 98 12 36 23 49 5 44 46 52 62 90 94 1 30 26 35 22 51 79 10 42 92 3 96 25 77 56 31 75 16 68 8 59 50 19 43
=
14 91 96 44 100 30 94 39 54 84 20 26 69 7 50 55 75 51 42 81 8 33 85 83 77 87 34 52 56
=
27 10 67 92 79 42 85 87 76 44 81 33 6 26 9 88 57 74 73 97 28 58 3 45 95 37 64 59 40 49 41 17 20 22 84 39 63 94 68 23 75 15 31 19 46 8 30 35 48 38 78 100 62 90 69
<
29 44 65 11 88 42 4 84 100 70 10 19 52 90 73 69 9 3 56 16 53 41 67 97 99 38 26 30 20 63 49 58 55 59 40 54 79 14 27 75 57 92 28 83 18 47 24 37 64 45 74 87 95 22 77 36 46 21 6
>
47 60 3 25 5 34 90 86 38 24 1 41 95 14 63 48 67 62 98 82 87 88 18 89 47 77 85 33 17 54 44 31 69 21 68 80 11 49 76 30 29 35 96 59 58 51 20 73 97 50 22 32 83 4 16 72 74 55 64 65 6 91 27 26 81 42 19 28 23 66 94 10 79 56 61 45 37 71 2 46 43 100 8 92 78 99 52 70 75 39 84 15 93 9 36
>
21 1 77 30 58 57 54 40 51 65 45 23 42 15 76 68 63 50 87 53 72 85 16 55 29 61 71 17 9 90 31 98 7 67 39 92 75 62 78 33 66 52 19
=

100 8
35 59 100 50 88 5 45 71 48 80 37 14 68 96 20 2 8 64 16 38 73 19 78 90 54 53 94 57 98 65 1 49 42 76 93 85 67 63 51 40 32 86 74 52 79 35 34 44 9 84 70 99 12 25 92 95 43 4 17 11 28 62 22 77 97 10 13 69 7 29 75
=
29 55 98 77 99 92 85 56 48 46 75 7 87 78 69 34 5 60 94 52 44 57 25 39 65 70 61 95 17 19 66 23 40 79 53 88 21 100 84 62 59 13 96 74 12 11 83 24 8 27 76 6 64 31 89 18 73 72 1
<
42 77 37 32 54 30 8 81 56 40 94 97 26 92 84 59 91 89 61 63 36 17 18 79 42 11 2 51 99 45 5 23 1 10 14 13 24 83 66 71 15 88 58 12 85 50 100 9 20 19 16 29 47 57 75 53 67 52 68 72 87 96 78 93 6 73 27 7 95 25 33 86 64 4 65 44 80 60 35 98 41 46 38 55 34
>
46 88 81 7 98 85 15 93 55 39 23 20 5 49 56 14 75 95 13 83 99 70 84 59 19 44 86 25 45 9 58 24 26 17 79 16 33 92 52 94 28 21 97 12 87 65 64 51 67 8 32 80 53 38 66 61 6 60 31 34 40 71 37 100 96 69 62 78 11 82 72 30 35 68 77 22 91 1 3 29 54 57 73 10 47 76 41 63 46 18 74 4 36
>
24 35 90 38 82 98 78 48 85 99 61 72 79 19 59 51 57 60 89 17 37 77 86 9 71 13 4 7 21 95 20 39 12 66 46 63 44 56 70 43 100 67 75 50 87 76 93 64 1
=
47 96 94 98 84 43 40 30 89 90 83 63 68 57 44 56 39 58 6 7 12 36 77 51 31 21 93 22 74 53 42 38 5 4 26 79 14 46 59 23 92 95 3 80 69 48 78 60 16 28 1 29 17 62 49 19 50 34 72 45 33 76 55 88 24 67 70 52 13 71 8 20 32 100 65 61 75 27 66 35 15 91 41 9 82 10 25 97 54 47 64 37 86 73 18
>
47 58 43 68 71 20 93 94 52 34 62 91 32 4 30 96 98 97 53 57 49 66 72 36 41 81 16 8 60 3 24 84 47 40 89 69 39 14 5 12 76 80 64 15 51 31 61 27 90 73 77 29 95 56 26 48 23 13 11 92 78 21 22 28 100 45 33 75 99 87 46 25 1 74 59 19 82 37 17 50 83 86 10 85 9 63 70 35 44 88 67 7 79 2 65
<
46 12 85 75 74 5 49 26 50 78 46 1 57 6 62 65 100 42 2 72 83 28 27 79 68 89 98 76 25 60 20 63 77 15 93 73 18 92 31 37 99 8 96 97 23 67 54 36 71 66 45 48 39 91 17 33 9 86 82 19 61 87 10 80 59 90 35 3 44 95 47 21 56 43 4 24 16 34 58 81 41 7 14 64 88 94 55 84 51 32 40 69 22
>
