  0.05                1
  0.10                2
  0.95               39
  1.00               50
  1.05               50
200.05    7402472263151
300.00  181490736388615
299.95  181000196059736
299.90  181000196059736
299.85  180510857366624
299.80  180510857366624
299.75  180022694940816
299.70  180022694940816
299.65  179535708782312
299.60  179535708782312
299.55  179049898891112
299.50  179049898891112
299.45  178565265267216
299.40  178565265267216
299.35  178081807910624
299.30  178081807910624
299.25  177599526821336
299.20  177599526821336
299.15  177118397097689
299.10  177118397097689
