4
123 124 56 90
5
123 124 56 90 9
5
9 9 9 9 9
1
1
5
991 9909 99 990 989
2
191 1919
2
345 3453453453453453
2
345 3453453453453454
2
90 9
30
53 206 12 9 3271 17 1 18 2319 9 17445 1813 7486 530 2 6 3 207 484 5 15 2211 214 91 22 33 10163 27690
26267 831
26
17 20 20345 1715 141 2 241 6 10901 9 1382 13813 681 181 1784 31727 4405 1445 84 520 114 2285 22
30330 10 235
12
10 5934 2289 30363 45 232 10 1734 160 1206 1029 1244
8
210 42 18 134 1373 2253 429 1102
5
163 21817 528 1905 185
3
2299 1 896
46
19 2249 1363 13 12 7 17167 5 57 1229 11 191 31067 25217 17549 2078 2031 2366 67 883 11802 16 19 362
48 10395 416 1997 12 141 5 6 19746 6 7 19 25100 1425 13968 24779 21778 611 1 3 722 154
2
5 8
3
10 102 1024
2
90 9
2
56 5
5
1 12 123 1234 12345
7
9 98 987 9876 98765 987654 9876543
6
9 900 9 90 9 9
1
24187
20
1 2 3 4 5 6 7 8 9 10 11 12 13 14 15 16 17 18 19 20
5
1 11 111 1111 11111
2
666666666666666666666666666666666666 123421412341234
2
123421412341234 635235523523523566666666666666666666666666666666666
0

