2

3

4

2 3

2 4

3 4

3 5

2 3 4

2 3 5

2 4 5

3 4 5

3 4 6

2 3 4 5

2 3 4 6

2 3 5 6

2 4 5 6

3 4 5 6

3 4 5 7

2 3 4 5 6

2 3 4 5 7

2 3 4 6 7

2 3 5 6 7

2 4 5 6 7

3 4 5 6 7

3 4 5 6 8

2 3 4 5 6 7

2 3 4 5 6 8

2 3 4 5 7 8

2 3 4 6 7 8

2 3 5 6 7 8

2 4 5 6 7 8

3 4 5 6 7 8

3 4 5 6 7 9

2 3 4 5 6 7 8

2 3 4 5 6 7 9

2 3 4 5 6 8 9

2 3 4 5 7 8 9

2 3 4 6 7 8 9

2 3 5 6 7 8 9

2 4 5 6 7 8 9

3 4 5 6 7 8 9

3 4 5 6 7 8 10

2 3 4 5 6 7 8 9

2 3 4 5 6 7 8 10

2 3 4 5 6 7 9 10

2 3 4 5 6 8 9 10

2 3 4 5 7 8 9 10

2 3 4 6 7 8 9 10

2 3 5 6 7 8 9 10

2 4 5 6 7 8 9 10
